Acci  (706, 1614)  (626, 1654)  (626, 1574)  (786, 1592)  (866, 1608)
Aelana  (5312, 2660)  (5408, 2664)  (5500, 2644)  (5594, 2642)  (5638, 2696)
Aemona  (3134, 370)  (3054, 336)  (3142, 450)  (3134, 290)  (3214, 300)  (3222, 380)
Albana  (6612, 790)  (6532, 800)  (6532, 720)  (6684, 870)  (6612, 710)  (6692, 782)  (6460, 640)  (6452, 732)  (6540, 630)  (6434, 560)  (6514, 550)  (6434, 480)  (6514, 470)  (6426, 400)  (6506, 390)  (6344, 326)  (6424, 320)  (6342, 246)
Aleria  (2376, 1018)  (2408, 922)  (2386, 830)
Alesia  (1858, 32)  (1778, 98)  (1778, 18)  (1938, 0)  (1698, 96)  (1698, 16)  (1618, 86)
Alexandria  (4434, 2580)  (4524, 2578)  (4610, 2554)  (4678, 2482)  (4586, 2452)  (4506, 2484)  (4416, 2470)
Amida  (6092, 1256)  (6012, 1326)  (6012, 1246)  (6170, 1336)  (6092, 1176)  (6172, 1254)  (6000, 1166)  (6080, 1096)
Antioch  (5496, 1688)  (5576, 1742)  (5658, 1678)  (5570, 1652)  (5690, 1584)  (5604, 1556)  (5500, 1558)  (5662, 1466)  (5562, 1460)  (5680, 1370)  (5584, 1374)
Apollonia  (3792, 1222)  (3822, 1132)  (3756, 1070)  (3810, 1000)
Aquincum  (3756, 118)  (3756, 198)  (3710, 38)  (3790, 38)  (3676, 208)  (3596, 276)
Ariminum  (2854, 858)  (2942, 830)  (2864, 758)  (2772, 750)  (2680, 712)
Armavira  (6288, 560)  (6208, 638)  (6208, 558)  (6338, 640)  (6288, 480)  (6204, 478)  (6124, 456)  (6204, 398)  (6102, 376)  (6022, 420)
ArmeniaBox  (2,2763)
Arretium  (2822, 954)  (2734, 974)  (2762, 876)  (2670, 872)  (2594, 776)
Artaxata  (6236, 872)  (6156, 880)  (6156, 800)  (6314, 952)  (6236, 792)  (6316, 800)  (6076, 856)  (6076, 776)  (6326, 1032)
Athens  (4262, 1610)  (4178, 1532)  (4290, 1526)  (4232, 1462)  (4442, 1456)
Attalia  (5184, 1426)  (5104, 1504)  (5104, 1424)  (5184, 1346)  (5264, 1346)  (5100, 1344)
Augustoritum  (1668, 448)  (1746, 528)  (1748, 432)  (1826, 512)
Auzia  (1364, 2162)  (1268, 2184)  (1168, 2200)  (1068, 2216)  (968, 2238)  (1000, 2340)  (1104, 2314)  (1206, 2304)  (1310, 2346)  (1344, 2260)
Axiopolis  (4250, 610)  (4360, 614)  (4404, 520)  (4306, 520)  (4394, 422)
Azara  (5516, 0)  (5436, 22)  (5602, 0)  (5356, 46)  (5682, 0)  (5762, 0)
Babylon  (6584, 2394)  (6662, 2474)  (6582, 2474)  (6594, 2314)  (6664, 2394)  (6674, 2304)  (6742, 2474)
Banasa  (466, 2166)  (372, 2160)  (276, 2192)  (240, 2288)  (336, 2356)  (356, 2260)  (434, 2354)  (454, 2264)
BarbarianBox  (9,2763)
Barcino  (1462, 1034)  (1572, 1044)  (1660, 964)  (1568, 942)  (1464, 930)  (1446, 834)
Berenice  (3606, 2624)  (3526, 2702)  (3526, 2622)  (3684, 2704)  (3686, 2564)  (3446, 2718)  (3446, 2638)
BosporusBox  (8,2769)
Bostra  (5536, 2270)  (5456, 2340)  (5576, 2350)  (5616, 2266)  (5696, 2218)
Brigantium  (404, 580)  (324, 626)  (324, 546)  (404, 500)  (484, 500)  (484, 580)  (320, 466)  (400, 420)  (564, 534)
Burdigala  (1426, 328)  (1346, 388)  (1346, 308)  (1504, 408)  (1438, 248)  (1506, 328)  (1518, 236)  (1598, 188)
Byzantium  (4400, 1042)  (4466, 1040)  (4624, 996)  (4544, 1000)  (4452, 946)  (4536, 908)
Cale  (348, 790)  (268, 838)  (268, 758)  (428, 724)  (428, 804)
Capsa  (2220, 2262)  (2128, 2302)  (2220, 2354)  (2318, 2360)  (2324, 2274)
Capua  (3256, 1388)  (3174, 1374)  (3302, 1290)  (3218, 1290)  (3126, 1248)  (3236, 1200)
Caralis  (2292, 1412)  (2382, 1360)  (2284, 1316)  (2374, 1268)  (2280, 1218)  (2372, 1170)
Cartenna  (1166, 1922)  (1086, 2000)  (1086, 1920)  (1244, 2002)  (1166, 1842)  (1246, 1842)  (1246, 1922)  (1082, 1840)  (1164, 2080)  (1084, 2080)  (1250, 2082)
CarthageBox  (-22,2769)
Carthago  (2256, 1838)  (2328, 1812)  (2406, 1810)  (2494, 1788)  (2524, 1692)  (2258, 1726)  (2346, 1716)  (2430, 1692)  (2256, 1630)  (2346, 1618)  (2436, 1600)
Carthago Nova  (982, 1574)  (1068, 1536)  (888, 1498)  (978, 1480)  (890, 1404)  (984, 1398)
Castulo  (808, 1270)  (728, 1240)  (888, 1246)  (696, 1160)
Cesaraugusta  (1094, 1000)  (1178, 958)  (1270, 918)  (1342, 840)  (1246, 818)  (1154, 860)  (1150, 762)
Cestra Regina  (2620, 38)  (2540, 80)  (2540, 0)  (2700, 0)  (2460, 50)  (2780, 0)  (2380, 50)
Cirta  (1586, 2240)  (1506, 2318)  (1506, 2238)  (1664, 2320)  (1586, 2160)  (1666, 2160)  (1490, 2150)  (1684, 2242)
Corduba  (804, 1488)  (790, 1390)  (706, 1436)  (702, 1338)  (606, 1398)  (614, 1310)
Corinth  (3968, 1648)  (4060, 1656)  (4052, 1576)  (4136, 1608)
Croton  (3312, 1730)  (3380, 1634)  (3400, 1540)  (3318, 1510)  (3346, 1416)
Ctesiphon  (6656, 1944)  (6576, 1986)  (6626, 1864)  (6706, 1864)  (6736, 1944)  (6616, 1784)  (6696, 1784)  (6776, 1784)  (6588, 1704)  (6668, 1704)  (6536, 1624)  (6616, 1624)
Cydonia  (4262, 1994)  (4354, 1988)  (4438, 1998)  (4178, 1980)  (4532, 1990)
Cyrene  (3588, 2450)  (3680, 2430)  (3564, 2344)  (3658, 2334)  (3594, 2238)  (3686, 2238)  (3784, 2214)  (3766, 2324)
Cyropolis  (6852, 1574)  (6772, 1548)  (6930, 1654)  (6852, 1494)  (6764, 1468)  (7010, 1598)  (7010, 1678)  (6760, 1388)  (7090, 1638)  (6750, 1308)
Damascus  (5622, 2126)  (5520, 2128)  (5698, 2030)  (5602, 2034)  (5776, 1982)  (5694, 1932)  (5604, 1932)  (5626, 1834)
Delphi  (4080, 1480)  (3806, 1490)  (4002, 1388)  (4002, 1482)  (3908, 1442)
Dodona  (3976, 1292)  (3900, 1346)  (3822, 1300)  (3896, 1242)  (3968, 1188)
Durostorum  (4076, 540)  (3996, 516)  (4154, 620)  (4076, 460)  (4156, 460)  (4156, 540)  (3970, 436)  (3890, 482)
East  (7141,403)  (7140,460)  (7139,518)  (7139,576)  (7138,634)  (7078,575)  (7077,516)  (7078,458)  (7080,400)  (7139,344)
Ecbatana  (7062, 1888)  (6982, 1956)  (6982, 1876)  (7118, 1968)  (7062, 1808)  (6968, 1796)  (6902, 1934)  (6888, 1854)  (6888, 1774)
Edessa  (5910, 1580)  (5812, 1538)  (5908, 1484)  (5988, 1412)  (5882, 1394)  (5784, 1430)
EgyptBox  (-10,2763)
Elusa  (1300, 554)  (1220, 624)  (1258, 474)  (1380, 502)
Emerita Augusta  (312, 1280)  (350, 1196)  (250, 1186)  (204, 1266)  (104, 1258)  (156, 1176)
Emesa  (5842, 1908)  (5896, 1824)  (5790, 1812)  (5896, 1728)  (5796, 1716)  (5790, 1624)  (5710, 1756)
Euphrates  (6128, 2230)  (6048, 2308)  (6194, 2310)  (6138, 2150)  (6208, 2230)  (6218, 2148)  (6114, 2388)  (6298, 2188)
Gades  (526, 1648)  (414, 1720)  (358, 1646)  (436, 1606)
Gazaca  (6468, 1426)  (6388, 1390)  (6546, 1506)  (6466, 1506)  (6468, 1346)  (6548, 1346)  (6548, 1426)  (6350, 1310)  (6628, 1338)  (6628, 1418)  (6270, 1252)  (6250, 1172)  (6216, 1092)
Genua  (2556, 670)  (2506, 576)  (2416, 596)  (2328, 650)
Gerrha  (6254, 2696)  (6174, 2718)  (6174, 2638)  (6334, 2696)  (6098, 2558)  (6094, 2718)  (6058, 2624)
GreekCityStatesBox  (-16,2763)
Halicarnassus  (4670, 1556)  (4760, 1562)  (4836, 1578)  (4968, 1478)  (4872, 1482)  (4780, 1480)
Hatra  (6146, 1746)  (6066, 1774)  (6066, 1694)  (6146, 1666)  (6226, 1788)  (6012, 1614)  (6092, 1586)  (6064, 1506)
Heraclea Pontica  (5048, 902)  (4968, 956)  (5060, 982)  (5028, 822)  (5128, 902)
Hermopolis  (4446, 2688)  (4522, 2682)  (4596, 2668)  (4696, 2696)  (4708, 2612)
Hippo Regius  (1982, 1782)  (1902, 1854)  (1902, 1774)  (2062, 1704)  (2062, 1784)  (1822, 1868)  (1822, 1788)  (1822, 1708)  (2142, 1686)  (2142, 1766)
Hispatis  (412, 1440)  (332, 1518)  (402, 1360)  (482, 1360)  (492, 1440)
Igilgili  (1590, 1888)  (1510, 1966)  (1510, 1886)  (1668, 1968)  (1590, 1808)  (1670, 1808)  (1670, 1888)  (1506, 1806)  (1588, 2046)  (1508, 2046)  (1430, 1966)  (1430, 1886)  (1748, 1968)  (1738, 2048)  (1428, 2048)  (1652, 1728)  (1426, 1806)
Istropolis  (4460, 630)  (4496, 536)  (4490, 436)  (4586, 400)
Jerusalem  (5250, 2560)  (5254, 2462)  (5242, 2362)  (5330, 2348)  (5322, 2250)  (5414, 2154)
Larissa  (4130, 1418)  (4152, 1322)  (4068, 1328)  (4070, 1240)  (4304, 1304)  (4390, 1298)
Lauriacum  (3172, 90)  (3092, 168)  (3092, 88)  (3196, 170)  (3172, 10)  (3252, 10)  (3088, 8)  (3008, 70)  (2928, 24)
Leptis Magna  (3236, 2556)  (3314, 2636)  (3234, 2636)  (3228, 2476)  (3316, 2512)  (3330, 2716)  (3250, 2716)  (3170, 2716)
Lilybaeum  (2878, 1794)  (2910, 1698)  (2794, 1720)  (2708, 1636)  (2812, 1634)
Logdunum  (1978, 238)  (1898, 316)  (1898, 236)  (2058, 242)  (1926, 156)  (1818, 344)  (1818, 264)  (1738, 326)  (1738, 246)
Lucus Augusti  (710, 812)  (614, 810)  (554, 714)  (654, 718)  (670, 624)  (734, 550)
MacedoniaBox  (-16,2769)
Majar  (6008, 186)  (5928, 232)  (5928, 152)  (6008, 106)  (6088, 106)  (6088, 186)  (5892, 72)  (6158, 266)  (5972, 26)  (6052, 26)  (6168, 110)  (6238, 190)
Massilia  (2142, 716)  (2062, 794)  (2062, 714)  (2144, 796)  (2142, 636)  (2222, 676)  (1982, 758)
Mediolanum  (2262, 532)  (2348, 492)  (2478, 470)  (2416, 392)  (2312, 398)
Melita  (2762, 1916)  (2744, 2008)  (2842, 1980)
Melitene  (5752, 1136)  (5672, 1136)  (5830, 1216)  (5750, 1216)  (5670, 1056)  (5854, 1296)  (5774, 1296)  (5590, 1008)
Memphis  (4832, 2692)  (4932, 2690)  (4816, 2596)  (4908, 2596)  (4776, 2500)  (4876, 2500)  (4766, 2400)  (4870, 2402)
Messana  (3188, 1738)  (3094, 1714)  (3004, 1700)  (3190, 1642)  (3094, 1624)
Namnetes  (1362, 58)  (1282, 100)  (1282, 20)  (1428, 138)  (1442, 0)  (1344, 180)  (1508, 80)  (1522, 0)
Napoca  (4052, 124)  (3972, 202)  (3972, 122)  (4130, 204)  (4052, 44)  (4132, 86)  (3892, 190)  (4212, 132)
Narbo  (1748, 730)  (1668, 808)  (1668, 728)  (1828, 674)  (1718, 648)
Nemausus  (2016, 474)  (1936, 552)  (1936, 472)  (2024, 554)  (2096, 440)  (2104, 520)
NeutralBox  (7200,2800)
Nexuana  (6512, 1060)  (6432, 1138)  (6590, 1140)  (6454, 980)  (6534, 980)  (6592, 1060)  (6670, 1154)  (6590, 1220)  (6454, 900)
Nicaea  (4790, 1154)  (4882, 1104)  (4750, 1054)  (4744, 958)  (4846, 992)
Nicopolis  (4160, 790)  (4080, 826)  (4080, 746)  (4160, 710)  (4240, 714)  (4240, 794)
Ninive  (6334, 1696)  (6412, 1776)  (6268, 1616)  (6348, 1616)  (6414, 1696)  (6492, 1776)  (6492, 1856)  (6236, 1536)  (6316, 1536)
Odessus  (4346, 898)  (4434, 848)  (4352, 798)  (4444, 752)  (4350, 702)
Oea  (2996, 2338)  (2936, 2436)  (2936, 2528)  (3032, 2436)  (3030, 2532)  (2942, 2630)  (3040, 2628)  (3124, 2450)
Olbia  (4674, 146)  (4762, 96)  (4644, 44)  (4736, 0)
Olisipo  (42, 1060)  (128, 1102)  (212, 1062)  (122, 1004)  (226, 968)  (170, 882)
Palantia  (900, 898)  (820, 928)  (856, 818)  (936, 818)  (980, 898)  (1016, 784)  (730, 906)
Paliurus  (3830, 2464)  (3928, 2468)  (4024, 2482)  (3908, 2368)  (3998, 2342)  (4086, 2386)
Palma  (1532, 1354)  (1606, 1284)  (1520, 1260)  (1630, 1162)
Palmyra  (5998, 2050)  (5918, 2128)  (5918, 2048)  (6006, 2130)  (5998, 1970)  (6078, 1970)  (6078, 2050)  (5926, 2208)  (5846, 2208)  (5838, 2128)  (5994, 1890)  (6074, 1890)  (6158, 1898)
Paraetonium  (4256, 2562)  (4176, 2640)  (4176, 2560)  (4334, 2642)  (4256, 2482)  (4336, 2538)  (4172, 2480)  (4224, 2400)
ParthiaBox  (-9,2769)
Patavium  (2806, 650)  (2828, 552)  (2736, 550)  (2794, 460)  (2886, 414)  (2836, 320)  (2932, 320)  (3040, 522)
Pax Julia  (216, 1430)  (286, 1372)  (126, 1434)  (132, 1342)  (32, 1392)
Pella  (3902, 1106)  (4006, 1042)  (3910, 1010)  (3944, 916)  (3840, 914)  (3958, 828)
PergamonBox  (-4,2769)
Pergamum  (4472, 1182)  (4552, 1164)  (4634, 1128)  (4518, 1266)  (4606, 1258)  (4694, 1192)
Persepolis  (7044, 2440)  (6964, 2512)  (6964, 2432)  (7118, 2520)  (7044, 2360)  (6954, 2352)  (7038, 2592)  (6884, 2464)  (7118, 2600)  (6874, 2384)  (7118, 2680)
Pessinus  (4886, 1242)  (4972, 1238)  (5060, 1222)  (5156, 1208)  (5102, 1118)  (5010, 1128)
Petra  (5448, 2516)  (5368, 2566)  (5398, 2436)  (5528, 2452)  (5594, 2532)  (5608, 2448)  (5688, 2484)
Pharan  (5006, 2432)  (5106, 2424)  (5060, 2516)  (5156, 2512)  (5106, 2608)  (5174, 2638)
Phasis  (5874, 562)  (5954, 510)  (5954, 590)  (6034, 534)  (6034, 614)  (5732, 596)
Philippopolis  (4098, 1022)  (4180, 974)  (4252, 930)  (4034, 928)  (4132, 892)
Pityus  (5642, 380)  (5562, 348)  (5722, 318)  (5722, 398)  (5802, 302)  (5802, 382)  (5882, 332)  (5882, 412)
Pompaelo  (768, 726)  (808, 626)  (896, 584)  (906, 660)  (1000, 682)  (1094, 654)  (994, 590)
PontusBox  (3,2769)
Rhodos  (4602, 1752)  (4592, 1660)  (4482, 1600)  (4390, 1600)
Roma  (3016, 1174)  (3092, 1150)  (2996, 1078)  (2920, 1128)  (2906, 1030)  (2824, 1058)
RomanRepublicBox  (-21,2763)
Sabrata  (2780, 2226)  (2710, 2320)  (2804, 2326)  (2882, 2258)
Salamis  (4982, 1770)  (5060, 1788)  (5132, 1780)  (5062, 1696)  (5154, 1682)
Salapia  (3258, 1102)  (3178, 1120)  (3102, 1058)  (3056, 964)  (2960, 936)
Salmantica  (562, 1036)  (482, 1114)  (482, 1034)  (562, 956)  (642, 958)  (556, 1194)  (476, 1194)  (520, 876)
Salonae  (3582, 840)  (3502, 852)  (3660, 920)  (3662, 792)  (3580, 932)
Sanina  (6816, 1164)  (6766, 1084)  (6846, 1084)  (6896, 1164)  (6900, 1244)  (6924, 1324)  (6716, 1004)  (6796, 1004)
Sarai  (6520,94)  (6440,136)  (6440,56)  (6598,174)  (6520,14)  (6600,14)  (6600,94)  (6360,126)  (6360,46)  (6678,174)  (6678,254)  (6598,254)  (6680,0)  (6680,80)  (6280,32)  (6758,160)  (6646,334)  (6760,0)  (6760,80)  (6200,26)  (6840,0)  (6840,80)  (6920,0)  (7000,0)  (7058,512)  (7080,0)  (7084,420)
Sardica  (3868, 694)  (3788, 764)  (3788, 684)  (3876, 774)  (3868, 614)  (3708, 698)
Sardis  (4716, 1380)  (4636, 1458)  (4636, 1378)  (4752, 1300)  (4796, 1380)  (4556, 1416)  (4876, 1348)  (4956, 1346)
Sarmizegetusa  (4330, 272)  (4402, 352)  (4322, 352)  (4312, 192)  (4410, 248)  (4242, 366)
Satala  (5898, 962)  (5818, 1028)  (5818, 948)  (5934, 1042)  (5978, 934)  (6058, 950)  (5722, 912)
Scallabis  (284, 1100)  (376, 1112)  (304, 1006)  (388, 1016)  (396, 912)
Seleucia  (6486, 2206)  (6584, 2202)  (6552, 2108)  (6460, 2108)  (6368, 2104)  (6474, 2012)  (6382, 2008)  (6282, 2010)  (6356, 1912)  (6256, 1914)
SeleucidBox  (-3,2763)
Senio  (3250, 666)  (3328, 746)  (3248, 746)  (3184, 586)  (3264, 586)  (3330, 666)  (3410, 700)
Sidon  (5440, 2022)  (5522, 1962)  (5434, 1924)  (5520, 1866)  (5442, 1796)
Siga  (864, 2044)  (784, 2122)  (784, 2042)  (942, 2124)  (864, 1964)  (944, 1964)  (944, 2044)  (744, 2202)  (704, 2122)  (664, 2232)  (624, 2152)  (584, 2270)
Sinda  (5410, 212)  (5330, 248)  (5330, 168)  (5484, 132)  (5490, 212)  (5564, 92)  (5570, 172)  (5650, 130)  (5650, 210)  (5730, 156)
Singidinum  (3692, 490)  (3612, 554)  (3612, 474)  (3692, 410)  (3772, 490)
Sinope  (5222, 848)  (5316, 858)  (5406, 850)  (5500, 888)  (5518, 792)  (5308, 770)  (5206, 752)
Sirmium  (3476, 510)  (3396, 526)  (3396, 446)  (3510, 590)  (3568, 670)
Siwa  (3836, 2580)  (3934, 2590)  (4034, 2592)  (3808, 2678)  (3910, 2684)  (4016, 2686)
Sparta  (4016, 1748)  (4076, 1798)  (4160, 1800)  (4114, 1712)  (4206, 1668)
Stabula  (2148, 34)  (2068, 106)  (2068, 26)  (2198, 114)  (2228, 0)
Susa  (6880, 2122)  (6800, 2200)  (6800, 2120)  (6958, 2202)  (6880, 2042)  (6960, 2054)  (6720, 2126)  (7038, 2134)  (7038, 2214)  (7118, 2172)  (7118, 2252)
Syracuse  (3192, 1892)  (3094, 1894)  (3002, 1874)  (3092, 1802)  (2992, 1778)
SZ 01  (85,122)  (21,185)  (21,121)  (148,186)  (85,58)  (149,58)  (149,122)  (19,57)  (84,249)  (20,249)  (212,186)  (212,250)  (148,250)  (213,0)  (213,64)
SZ 02  (419,94)  (355,157)  (355,93)  (482,158)  (419,30)  (483,30)  (483,94)  (353,29)  (546,158)  (547,0)  (547,64)
SZ 03  (809,86)  (745,149)  (745,85)  (872,150)  (809,22)  (873,22)  (873,86)  (743,21)  (808,213)  (744,213)  (681,149)  (681,85)  (936,150)  (936,214)  (872,214)  (680,214)  (937,0)  (937,64)  (679,21)
SZ 04  (1101,116)  (1164,180)  (1100,180)  (1040,52)  (1104,52)  (1228,184)
SZ 05  (1125,416)  (1061,479)  (1061,415)  (1160,480)  (1125,352)  (1189,352)  (1189,416)  (1059,351)  (1096,543)  (1123,288)  (1187,288)  (1040,287)
SZ 06  (841,412)  (777,475)  (777,411)  (904,476)  (841,348)  (905,348)  (905,412)  (775,347)  (968,476)  (969,320)  (969,384)
SZ 07  (489,308)  (425,350)  (425,286)  (552,372)  (553,260)  (361,352)  (361,288)  (616,324)  (616,388)  (604,452)
SZ 08  (115,420)  (51,483)  (51,419)  (178,484)  (115,356)  (179,356)  (179,420)  (49,355)  (243,320)  (243,384)
SZ 09  (69,716)  (5,779)  (5,715)  (132,780)  (69,652)  (133,652)  (133,716)  (3,651)  (68,843)  (4,843)  (67,588)  (131,588)  (195,588)  (1,587)
SZ 10  (27,980)  (91,918)  (12,1198)  (34,1262)
SZ 11  (107,1566)  (43,1629)  (43,1565)  (170,1630)  (171,1534)  (41,1501)  (234,1598)
SZ 12  (145,1880)  (81,1943)  (81,1879)  (208,1944)  (145,1816)  (209,1816)  (209,1880)  (79,1815)  (144,2007)  (80,2007)  (17,1943)  (17,1879)  (272,1944)  (272,2008)  (208,2008)  (16,2008)  (143,1752)  (207,1752)  (271,1752)  (273,1816)  (273,1880)  (15,1815)  (15,1751)  (79,1751)  (144,2071)  (80,2071)  (256,2072)  (16,2072)  (337,1778)  (337,1842)
SZ 13  (65,2250)  (1,2313)  (1,2249)  (128,2314)  (65,2186)  (129,2186)  (129,2250)  (0,2185)  (64,2377)  (0,2377)  (170,2378)
SZ 14  (669,1806)  (605,1868)  (605,1804)  (732,1870)  (669,1742)  (733,1746)  (541,1788)
SZ 15  (999,1750)  (935,1787)  (1030,1686)  (1063,1750)  (1094,1672)  (871,1851)  (871,1787)
SZ 16  (1271,1632)  (1207,1695)  (1207,1631)  (1334,1696)  (1271,1568)  (1335,1568)  (1335,1632)  (1205,1567)  (1272,1504)  (1336,1504)  (1272,1440)  (1336,1440)
SZ 17  (1427,1250)  (1363,1313)  (1363,1249)  (1427,1186)  (1491,1186)  (1299,1362)  (1299,1298)  (1555,1142)  (1555,1206)
SZ 18  (1739,1250)  (1788,1314)  (1724,1314)  (1734,1186)  (1676,1122)  (1740,1122)
SZ 19  (1873,918)  (1809,981)  (1809,917)  (1936,982)  (1873,854)  (1937,854)  (1937,918)
SZ 20  (2115,928)  (2051,991)  (2051,927)  (2178,992)  (2179,892)  (2242,956)  (2243,867)
SZ 21  (2483,846)  (2532,910)  (2458,782)  (2394,770)  (2458,718)  (2330,818)
SZ 22  (1951,1232)  (1887,1295)  (1887,1231)  (2014,1296)  (1951,1168)  (2015,1168)  (2015,1232)  (1885,1167)  (1950,1359)  (1886,1359)  (2026,1360)  (1949,1104)  (2013,1104)  (1852,1103)
SZ 23  (2149,1240)  (2204,1304)  (2140,1304)  (2090,1176)  (2154,1176)  (2213,1240)  (2218,1130)  (2090,1112)  (2154,1112)  (2218,1066)
SZ 24  (2511,1102)  (2447,1135)  (2574,1166)  (2490,1038)  (2554,1038)  (2575,1102)
SZ 25  (2691,1100)  (2648,1036)  (2755,1135)  (2598,942)
SZ 26  (2511,1328)  (2574,1392)  (2510,1392)  (2476,1264)  (2540,1264)  (2575,1328)
SZ 27  (2751,1290)  (2687,1353)  (2687,1289)  (2814,1354)  (2751,1226)  (2815,1226)  (2815,1290)  (2685,1225)
SZ 28  (2981,1302)  (2917,1362)  (2917,1298)  (3045,1319)  (2914,1234)  (3109,1361)
SZ 29  (1523,1542)  (1459,1605)  (1459,1541)  (1586,1606)  (1523,1478)  (1587,1478)  (1587,1542)  (1457,1477)  (1522,1669)  (1458,1669)  (1650,1606)  (1651,1426)  (1651,1490)
SZ 30  (1853,1498)  (1789,1561)  (1789,1497)  (1916,1562)  (1853,1434)  (1917,1434)  (1917,1498)  (1787,1433)  (1852,1625)  (1788,1625)  (1950,1626)
SZ 31  (2153,1520)  (2089,1583)  (2089,1519)  (2216,1584)  (2153,1456)  (2217,1456)  (2217,1520)  (2087,1455)  (2025,1638)  (2025,1574)  (2023,1510)  (2023,1446)
SZ 32  (2485,1526)  (2421,1572)  (2421,1508)  (2548,1590)  (2549,1472)  (2357,1578)
SZ 33  (2735,1502)  (2671,1565)  (2671,1501)  (2799,1448)  (2799,1512)  (2832,1576)  (2648,1706)
SZ 34  (3015,1500)  (2951,1563)  (2951,1499)  (3078,1564)  (3015,1436)  (3079,1436)  (3079,1500)  (2949,1435)  (3142,1564)  (3143,1467)
SZ 35  (3299,1637)  (3230,1568)  (3230,1504)  (3394,1790)  (3274,1830)  (3394,1854)
SZ 36  (2681,1872)  (2617,1935)  (2617,1871)  (2708,1936)  (2681,1808)  (2745,1809)  (2615,1807)  (2772,1873)  (2836,1884)
SZ 37  (2671,2098)  (2607,2116)  (2607,2052)  (2671,2034)  (2735,2051)  (2735,2115)  (2543,2076)  (2799,2086)  (2799,2150)
SZ 38  (2999,2002)  (2935,2065)  (2935,2001)  (3062,2066)  (3063,1984)  (2933,1937)
SZ 39  (3051,2210)  (2987,2212)  (3114,2274)  (3115,2150)  (2923,2185)  (3162,2338)
SZ 40  (3269,2026)  (3205,2086)  (3205,2022)  (3332,2090)  (3274,1962)  (3333,2026)  (3338,1957)
SZ 41  (3329,2270)  (3265,2333)  (3265,2269)  (3392,2334)  (3329,2206)  (3393,2206)  (3393,2270)  (3263,2205)  (3328,2397)  (3247,2397)  (3394,2398)  (3464,2406)  (3514,2470)  (3450,2470)
SZ 42  (3527,2132)  (3463,2195)  (3463,2131)  (3590,2196)  (3527,2068)  (3591,2068)  (3591,2132)  (3461,2067)  (3511,2259)  (3495,2323)
SZ 43  (3519,1894)  (3582,1958)  (3518,1958)  (3458,1830)  (3522,1830)  (3583,1894)  (3586,1827)  (3650,1798)
SZ 44  (3571,1606)  (3622,1670)  (3558,1670)  (3514,1542)  (3578,1542)  (3494,1692)  (3620,1734)  (3462,1478)  (3526,1478)
SZ 45  (3739,1406)  (3675,1369)  (3740,1470)  (3739,1342)  (3804,1426)
SZ 46  (3629,1176)  (3565,1207)  (3565,1143)  (3692,1240)  (3629,1112)  (3693,1112)  (3693,1176)  (3546,1079)  (3610,1048)  (3674,1048)
SZ 47  (3401,1040)  (3337,1075)  (3337,1011)  (3464,1104)  (3401,976)  (3465,1009)  (3307,947)  (3400,1139)  (3482,1168)  (3371,912)
SZ 48  (3129,890)  (3065,851)  (3192,954)  (3129,826)  (3193,833)  (3230,1018)
SZ 49  (2991,644)  (2927,685)  (3054,708)  (2930,580)  (3100,644)  (3118,708)  (2906,516)
SZ 50  (3791,1670)  (3727,1733)  (3727,1669)  (3854,1734)  (3791,1606)  (3855,1656)  (3725,1605)  (3918,1728)
SZ 51  (3773,1906)  (3709,1969)  (3709,1905)  (3836,1970)  (3773,1842)  (3837,1842)  (3837,1906)
SZ 52  (3819,2120)  (3755,2150)  (3755,2086)  (3883,2058)  (3883,2122)  (3914,2186)
SZ 53  (4029,1922)  (3965,1985)  (3965,1921)  (4092,1986)  (4093,1900)  (3963,1857)
SZ 54  (4053,2156)  (4116,2220)  (4052,2220)  (3990,2092)  (4054,2092)  (4164,2284)  (4100,2284)
SZ 55  (4315,2192)  (4251,2255)  (4251,2191)  (4362,2256)  (4315,2128)  (4249,2127)  (4298,2319)  (4362,2320)  (4185,2146)  (4185,2082)
SZ 56  (4505,2218)  (4441,2281)  (4441,2217)  (4568,2282)  (4505,2154)  (4569,2154)  (4569,2218)  (4439,2153)  (4504,2345)  (4440,2345)  (4602,2346)
SZ 57  (4769,2234)  (4705,2297)  (4705,2233)  (4832,2298)  (4769,2170)  (4833,2170)  (4833,2234)  (4703,2169)
SZ 58  (5007,2230)  (4943,2293)  (4943,2229)  (5070,2294)  (5007,2166)  (5071,2166)  (5071,2230)  (4941,2165)  (4969,2357)
SZ 59  (5253,2144)  (5189,2207)  (5189,2143)  (5274,2208)  (5253,2080)  (5317,2080)  (5317,2144)  (5188,2079)  (5210,2271)
SZ 60  (5273,1868)  (5209,1931)  (5336,1932)  (5228,1804)  (5292,1804)  (5337,1868)  (5356,1785)
SZ 61  (5353,1630)  (5289,1596)  (5416,1694)  (5352,1694)  (5353,1566)  (5417,1611)  (5288,1712)  (5225,1610)  (5322,1502)  (5386,1502)
SZ 62  (5027,1660)  (4963,1673)  (4963,1609)  (5091,1618)  (4934,1854)
SZ 63  (5029,1986)  (4965,2049)  (4965,1985)  (5092,2050)  (5093,1942)
SZ 64  (4803,1978)  (4739,2041)  (4739,1977)  (4866,2042)  (4803,1914)  (4867,1914)  (4867,1978)  (4737,1913)  (4675,2054)  (4675,1990)  (4673,1926)
SZ 65  (4749,1736)  (4685,1799)  (4812,1800)  (4690,1672)  (4754,1672)  (4813,1736)
SZ 66  (4503,1850)  (4439,1913)  (4439,1849)  (4566,1914)  (4503,1786)  (4567,1845)  (4437,1785)  (4501,1722)  (4430,1721)
SZ 67  (4321,1834)  (4257,1897)  (4365,1898)  (4269,1770)  (4333,1770)  (4193,1915)  (4319,1706)
SZ 68  (4441,1578)  (4377,1609)  (4563,1622)
SZ 69  (4287,1412)  (4351,1399)  (4351,1463)  (4355,1335)  (4415,1413)  (4419,1310)
SZ 70  (4359,1229)  (4343,1165)  (4290,1316)  (4226,1287)
SZ 71  (4665,872)  (4601,891)  (4673,936)  (4729,830)  (4737,894)
SZ 72  (4853,748)  (4789,766)  (4906,812)  (4917,706)  (4725,766)  (4882,876)  (4981,706)  (4661,766)  (4597,766)
SZ 73  (4707,556)  (4643,619)  (4643,555)  (4764,620)  (4707,492)
SZ 74  (4729,342)  (4704,278)  (4768,278)  (4793,342)
SZ 75  (4901,566)  (4837,629)  (4837,565)  (4964,630)  (4901,502)  (4965,502)  (4965,566)  (4835,501)
SZ 76  (5177,610)  (5113,673)  (5113,609)  (5240,674)  (5241,558)
SZ 77  (5439,640)  (5375,703)  (5375,639)  (5502,704)  (5503,606)
SZ 78  (5645,564)  (5662,628)  (5608,500)  (5672,500)  (5632,692)
SZ 79  (5425,460)  (5361,523)  (5361,459)  (5488,524)  (5489,421)  (5359,395)
SZ 80  (5193,402)  (5129,465)  (5256,466)  (5184,338)  (5248,338)  (5257,402)  (5065,494)
SZ 81  (5173,160)  (5109,197)  (5191,96)  (5045,201)
SZ 82  (6997,244)  (6933,307)  (6933,243)  (7034,308)  (6997,180)  (7061,180)  (7061,244)  (6869,342)  (6869,278)  (7012,116)  (7125,146)  (7125,210)  (7125,274)  (6805,342)
SZ 83  (6855,508)  (6791,571)  (6791,507)  (6918,572)  (6855,444)  (6919,444)  (6919,508)  (6789,443)  (6727,628)  (6727,564)  (6982,572)  (6983,406)  (6983,470)  (6725,500)  (6725,436)  (6661,549)  (6661,485)
SZ 84  (6985,770)  (6921,833)  (6921,769)  (7048,834)  (6985,706)  (7049,706)  (7049,770)  (6919,705)  (6984,897)  (6920,897)  (6857,833)  (6857,769)  (7112,834)  (7112,898)  (7048,898)  (7113,711)  (6855,705)  (6791,739)
SZ 85  (7099,1114)  (7035,1072)  (7134,1178)  (7070,1178)  (7099,1050)  (6992,1008)  (6928,1004)
SZ 86  (7095,1432)  (7031,1495)  (7031,1431)  (7134,1496)  (7095,1368)  (7029,1367)  (7134,1560)  (7093,1304)
SZ 87  (6869,2648)  (6805,2685)  (6805,2621)  (6932,2712)  (6933,2616)
SZ 88  (5074, 2700)  (5198, 2700)  (5014, 2612)  (4976, 2522)
Tanais  (5036, 80)  (5108, 36)  (4846, 44)  (4928, 4)  (5020, 2)
Tarentum  (3626, 1414)  (3568, 1322)  (3480, 1332)  (3396, 1298)  (3484, 1236)  (3366, 1206)
Tarraco  (1272, 1176)  (1174, 1170)  (1324, 1082)  (1220, 1078)  (1364, 988)  (1270, 992)
Tarsus  (5448, 1286)  (5458, 1206)  (5528, 1286)  (5538, 1196)  (5608, 1276)
Tavium  (5308, 1060)  (5228, 1118)  (5228, 1038)  (5370, 1140)  (5308, 980)  (5388, 980)  (5388, 1060)  (5468, 1010)
Teredon  (6644, 2570)  (6724, 2698)  (6630, 2694)  (6548, 2694)
Thamea  (5844, 2652)  (5764, 2718)  (5764, 2638)  (5844, 2572)  (5924, 2572)  (5924, 2652)  (5792, 2492)  (5872, 2492)  (5952, 2492)  (5776, 2412)  (5856, 2412)  (5696, 2364)  (5776, 2332)
Thapsus  (2394, 1968)  (2314, 2046)  (2314, 1966)  (2414, 2048)  (2474, 1912)  (2334, 2126)  (2254, 2126)  (2370, 2206)
Thenae  (2598, 2216)  (2492, 2156)  (2468, 2256)  (2466, 2352)  (2572, 2312)
Theodesia  (4994, 370)  (5074, 310)  (4860, 296)  (4968, 274)  (5128, 234)  (4808, 170)  (4934, 190)  (4934, 92)
Thessalonica  (4046, 1142)  (4138, 1130)  (4220, 1130)  (4218, 1044)  (4310, 1018)
Theveste  (1808, 2264)  (1790, 2362)  (1884, 2340)  (1980, 2320)
Tibiscum  (3910, 306)  (3830, 354)  (3990, 294)  (4070, 294)  (4150, 294)
Tingis  (568, 1992)  (488, 2056)  (488, 1976)  (648, 1940)  (648, 2020)  (470, 1896)  (408, 2050)  (390, 1970)
Toletum  (976, 1140)  (1064, 1088)  (874, 1134)  (780, 1076)  (970, 1038)  (868, 1024)  (756, 992)
Tolosa  (1480, 644)  (1400, 722)  (1514, 724)  (1560, 590)
Trapezus  (5644, 838)  (5736, 822)  (5828, 832)  (5922, 832)  (5920, 736)  (5822, 732)  (5726, 720)  (5628, 744)
Tyras  (4556, 210)  (4476, 156)  (4426, 76)  (4506, 76)  (4346, 72)  (4266, 38)
Valentia  (1138, 1468)  (1158, 1370)  (1060, 1362)  (1180, 1274)  (1094, 1266)  (950, 1320)  (1006, 1254)  (1070, 1182)
Veldidena  (2818, 172)  (2738, 214)  (2898, 130)  (2898, 210)  (2658, 208)  (2978, 230)
Verona  (2658, 554)  (2582, 526)  (2658, 434)  (2574, 428)  (2736, 340)  (2640, 338)
Vindobona  (3416, 128)  (3336, 206)  (3494, 208)  (3378, 48)  (3458, 48)  (3496, 128)  (3538, 6)  (3414, 286)  (3576, 86)
Vindonissa  (2344, 242)  (2264, 306)  (2264, 226)  (2344, 162)  (2424, 162)  (2424, 242)  (2212, 386)  (2184, 306)  (2504, 240)
Vologesia  (6400, 2456)  (6320, 2534)  (6320, 2454)  (6478, 2536)  (6400, 2376)  (6316, 2374)  (6240, 2522)  (6498, 2616)  (6418, 2616)  (6396, 2296)
Volubilis  (872, 2266)  (774, 2328)  (676, 2342)  (576, 2358)  (866, 2354)
Zama  (1970, 2106)  (1890, 2172)  (1890, 2092)  (2048, 2186)  (1970, 2026)  (2050, 2026)  (2050, 2106)  (2128, 2186)  (1954, 1946)  (2034, 1946)  (2114, 1946)  (2130, 2026)  (2130, 2106)
